SequenceID,TimeStamp,RelativeTime,CollectableCoin1Distance,CollectableCoin2Distance,CollectableCoin3Distance,CollectableCoin4Distance,CollectableCoin5Distance,TimeStepCoinsCollected,TimeStepCoinNearMiss,Asteroid1Distance,Asteroid2Distance,Asteroid3Distance,Asteroid4Distance,Asteroid5Distance,AsteroidsInCloseRange,AsteroidsInMediumRange,AsteroidsOnScreen,TimeStepHitByAsteroids,TimeStepAsteroidNearMiss,ScoreCount,MultiplierAmount,ShipOrientation,PlayerInputCount,ShipDistanceTravelled,TimeWithoutHit,VeryRecentScoreDifference,RecentScoreDifference,LongTermScoreDifference,VeryRecentMultiplierDifference,RecentMultiplierDifference,LongTermMultiplierDifference,TotalAsteroidNearMisses,TotalAsteroidHits,TotalCoinCollected,First30SecondsAsteroidHits,First30SecondsCoinsCollected,TotalCoinNearmisses
2cdbad35-f0e6-4c06-bf80-a34138091ee1,1.001423,0,-1,-1,-1,-1,-1,0,0,12.7255,-1,-1,-1,-1,0,0,1,0,0,0,1,0,0,0,0,0,0,0,1,1,1,0,0,0,0,0,0
2cdbad35-f0e6-4c06-bf80-a34138091ee1,1.502153,0.5007298,-1,-1,-1,-1,-1,0,0,-1,-1,-1,-1,-1,0,0,0,0,0,4.1,1.04,0,0,0,0,4.1,4.1,4.1,1.04,1.04,1.04,0,0,0,0,0,0
2cdbad35-f0e6-4c06-bf80-a34138091ee1,2.004934,1.00351,8.055249,-1,-1,-1,-1,0,0,12.18714,-1,-1,-1,-1,0,0,1,0,0,9.45,1.09,205.9531,6,1.141831,0,9.45,9.45,9.45,1.09,1.09,1.09,0,0,0,0,0,0
2cdbad35-f0e6-4c06-bf80-a34138091ee1,2.505281,1.503858,9.623983,-1,-1,-1,-1,0,0,10.33214,-1,-1,-1,-1,0,0,1,0,0,15.05,1.14,348.7193,3,1.953662,0,15.05,15.05,15.05,1.14,1.14,1.14,0,0,0,0,0,0
2cdbad35-f0e6-4c06-bf80-a34138091ee1,3.006316,2.004892,8.377766,-1,-1,-1,-1,0,0,10.95409,-1,-1,-1,-1,0,0,1,0,0,20.9,1.19,118.0545,2,2.018864,0,20.9,20.9,20.9,1.19,1.19,1.19,0,0,0,0,0,0
2cdbad35-f0e6-4c06-bf80-a34138091ee1,3.506449,2.505026,5.667596,-1,-1,-1,-1,0,0,11.55194,-1,-1,-1,-1,0,0,1,0,0,27,1.24,147.2545,2,3.18073,0,27,27,27,1.24,1.24,1.24,0,0,0,0,0,0
2cdbad35-f0e6-4c06-bf80-a34138091ee1,4.00833,3.006907,2.704384,2.583004,-1,-1,-1,0,0,14.15667,-1,-1,-1,-1,0,0,1,0,0,33.35,1.29,103.0774,1,3.505486,0,33.35,33.35,33.35,1.29,1.29,1.29,0,0,0,0,0,0
2cdbad35-f0e6-4c06-bf80-a34138091ee1,4.508414,3.50699,-1,-1,-1,-1,-1,2,0,16.28058,-1,-1,-1,-1,0,0,1,0,0,688.7499,1.74,3.277436,3,2.927419,0,688.7499,688.7499,688.7499,1.74,1.74,1.74,0,0,0,0,0,0
2cdbad35-f0e6-4c06-bf80-a34138091ee1,5.008873,4.007449,-1,-1,-1,-1,-1,0,0,14.1095,-1,-1,-1,-1,0,0,1,0,0,697.5999,1.79,281.3281,0,2.496428,0,697.5999,697.5999,697.5999,1.79,1.79,1.79,0,0,0,0,0,0
2cdbad35-f0e6-4c06-bf80-a34138091ee1,5.5096,4.508177,-1,-1,-1,-1,-1,0,0,10.57273,10.65522,-1,-1,-1,0,0,2,0,0,706.7,1.84,273.2882,3,3.509579,0,706.7,706.7,706.7,1.84,1.84,1.84,0,0,0,0,0,0
2cdbad35-f0e6-4c06-bf80-a34138091ee1,6.010706,5.009283,4.797925,-1,-1,-1,-1,0,0,8.434585,9.798567,-1,-1,-1,0,0,2,0,0,716.0499,1.89,353.6412,4,1.918708,0,716.0499,716.0499,716.0499,1.89,1.89,1.89,0,0,0,0,0,0
2cdbad35-f0e6-4c06-bf80-a34138091ee1,6.510856,5.509432,4.542214,-1,-1,-1,-1,0,0,7.871746,8.477907,-1,-1,-1,0,0,2,0,0,725.6499,1.94,203.8391,3,2.005382,0,721.5499,725.6499,725.6499,-2.16,1.94,1.94,0,0,0,0,0,0
2cdbad35-f0e6-4c06-bf80-a34138091ee1,7.011847,6.010424,1.626348,-1,-1,-1,-1,0,0,8.681785,10.37874,-1,-1,-1,0,0,2,0,0,735.4999,1.99,182.0337,2,2.930847,0,726.0499,735.4999,735.4999,-7.46,1.99,1.99,0,0,0,0,0,0
2cdbad35-f0e6-4c06-bf80-a34138091ee1,7.512547,6.511124,-1,-1,-1,-1,-1,1,0,9.809966,11.82545,12.67597,-1,-1,0,0,3,0,0,1186.4,2.24,281.8266,5,2.750818,0,1171.35,1186.4,1186.4,-12.81,2.24,2.24,0,0,0,0,0,0
2cdbad35-f0e6-4c06-bf80-a34138091ee1,8.013333,7.01191,1.577979,-1,-1,-1,-1,0,0,7.158299,10.27627,-1,-1,-1,0,0,2,0,0,1197.75,2.289999,60.66417,1,1.906581,0,1176.85,1197.75,1197.75,-18.61,2.289999,2.289999,0,0,0,0,0,0
2cdbad35-f0e6-4c06-bf80-a34138091ee1,8.514243,7.51282,2.942522,-1,-1,-1,-1,0,0,5.630285,10.70202,-1,-1,-1,0,0,2,0,0,1209.35,2.339999,23.13638,4,2.905288,0,1182.35,1209.35,1209.35,-24.66,2.339999,2.339999,0,0,0,0,0,0
2cdbad35-f0e6-4c06-bf80-a34138091ee1,9.014836,8.013412,1.400252,-1,-1,-1,-1,0,0,4.672189,7.302736,-1,-1,-1,0,1,2,0,0,1221.2,2.389999,272.6818,2,1.9474,0,1187.85,1221.2,1221.2,-30.96,2.389999,2.389999,0,0,0,0,0,0
2cdbad35-f0e6-4c06-bf80-a34138091ee1,9.516103,8.514679,-1,-1,-1,-1,-1,1,0,4.070227,4.585084,12.84824,-1,-1,0,2,3,0,0,1754.1,2.639999,174.7499,4,2.630728,0,1065.35,1754.1,1754.1,-686.1099,2.639999,2.639999,0,0,0,0,0,0
2cdbad35-f0e6-4c06-bf80-a34138091ee1,10.0164,9.014975,0.874079,-1,-1,-1,-1,0,0,3.632417,5.648919,12.18986,-1,-1,0,1,3,0,0,1767.45,2.689999,324.7056,5,1.516828,0,1069.85,1767.45,1767.45,-694.9099,2.689999,2.689999,0,0,0,0,0,0
2cdbad35-f0e6-4c06-bf80-a34138091ee1,10.51737,9.515942,-1,-1,-1,-1,-1,1,0,3.943212,6.09143,10.39531,-1,-1,0,1,3,0,0,2360.049,2.939999,264.884,8,1.487017,0,1653.349,2360.049,2360.049,-703.7599,2.939999,2.939999,0,0,0,0,0,0
2cdbad35-f0e6-4c06-bf80-a34138091ee1,11.01833,10.0169,-1,-1,-1,-1,-1,0,0,4.40394,7.303022,9.002367,11.58252,-1,0,1,4,0,0,2374.899,2.989999,141.3717,5,1.341111,0,1658.849,2374.899,2374.899,-713.0599,2.989999,2.989999,0,0,0,0,0,0
2cdbad35-f0e6-4c06-bf80-a34138091ee1,11.51917,10.51775,-1,-1,-1,-1,-1,0,0,6.078494,7.199273,8.082248,10.60106,-1,0,0,4,0,0,2389.999,3.039999,33.26119,6,1.274478,0,1664.349,2389.999,2389.999,-722.6099,3.039999,3.039999,0,0,0,0,0,0
2cdbad35-f0e6-4c06-bf80-a34138091ee1,12.02023,11.01881,7.076612,-1,-1,-1,-1,0,0,5.739248,7.909022,9.271446,9.361954,11.63257,0,0,5,0,0,2405.35,3.089999,342.8407,6,1.147214,0,1669.85,2405.35,2405.35,-732.4099,3.089999,3.089999,0,0,0,0,0,0
2cdbad35-f0e6-4c06-bf80-a34138091ee1,12.52091,11.51949,6.838026,-1,-1,-1,-1,0,0,4.99653,7.5366,9.33976,10.37559,-1,0,0,4,0,0,2420.95,3.139999,240.1365,7,1.245805,0,1234.55,2420.95,2420.95,-1183.26,3.139999,3.139999,0,0,0,0,0,0
2cdbad35-f0e6-4c06-bf80-a34138091ee1,13.02162,12.0202,5.682688,-1,-1,-1,-1,0,0,3.685519,5.0479,8.511105,10.00807,12.15584,0,1,5,0,0,2436.799,3.189999,77.9558,1,1.52275,0,1239.05,2436.799,2436.799,-1194.56,3.189999,3.189999,0,0,0,0,0,0
2cdbad35-f0e6-4c06-bf80-a34138091ee1,13.52229,12.52086,3.833071,-1,-1,-1,-1,0,0,1.662763,4.178485,4.994955,8.680641,13.77404,1,2,5,0,0,2452.899,3.239999,83.07725,2,3.287592,0,1243.549,2448.799,2452.899,-1206.11,-0.8600008,3.239999,0,0,0,0,0,0
2cdbad35-f0e6-4c06-bf80-a34138091ee1,14.02309,13.02167,2.101114,8.091019,-1,-1,-1,0,0,3.20302,3.54409,4.400549,14.05437,-1,0,3,4,0,0,2469.249,3.289999,347.1119,1,2.870327,0,1248.05,2459.799,2469.249,-1217.91,-6.160001,3.289999,0,0,0,0,0,0
2cdbad35-f0e6-4c06-bf80-a34138091ee1,14.52465,13.52323,-1,6.70159,-1,-1,-1,1,0,2.534549,3.394847,8.942374,9.304577,11.31223,0,2,5,0,0,3184.909,3.529999,288.3794,3,3.058697,0,1430.81,3169.859,3184.909,-1750.57,-11.52,3.529999,0,0,0,0,0,0
2cdbad35-f0e6-4c06-bf80-a34138091ee1,15.02625,14.02483,-1,4.54583,-1,-1,-1,0,0,2.521878,3.523615,7.506875,7.943636,11.09266,0,2,5,0,0,3202.709,3.579999,198.5618,4,2.573116,0,1435.26,3181.81,3202.709,-1763.87,-17.32,3.579999,0,0,0,0,0,0
2cdbad35-f0e6-4c06-bf80-a34138091ee1,15.52718,14.52576,-1,2.351218,-1,-1,-1,0,0,2.214683,3.613513,6.329417,8.221302,13.51289,1,2,5,0,0,3220.76,3.629999,301.4487,4,2.630679,0,860.7104,3193.76,3220.76,-2356.419,-23.37,3.629999,0,0,0,0,0,0
